Used MATLAB's diary function

C = conv([-1, -1, 0, 0, 0, 0, 2, 3, 3, 1], [1, 2, 1, 2, 1, 0, -1])

C =

    -1    -3    -3    -3    -3    -1     3     8    11    14    13    10     3    -2    -3    -1

plot(C)
diary OFF
